Temperature(kT) 	 Energy 	 Magnetization 	 Specific Heat 	 Susceptibility 
0.010000	-0.036706	-169034400000.000000	293047.286389	6.733127
0.020000	-0.037150	139271400000.000000	51881.954931	2.047527
0.030000	-0.056501	-205299000000.000000	45940.371357	1.887107
0.040000	-0.039569	-141976800000.000000	12588.726011	1.200292
0.050000	-0.114004	251834400000.000031	22717.286748	0.936314
0.060000	-0.064473	195085800000.000000	10669.439298	1.544433
0.070000	-0.014763	-98559000000.000000	1958.906719	1.159046
0.080000	-0.029564	-154056600000.000000	4122.768808	0.527246
0.090000	-0.075344	-214309800000.000000	5399.810137	0.577940
0.100000	-0.014243	103406400000.000000	1134.754471	0.629746
0.110000	-0.026196	151878600000.000000	1991.352454	1.298783
0.120000	-0.009678	-83629800000.000000	548.087801	2.546833
0.130000	-0.128094	302225400000.000000	5124.592096	0.180909
0.140000	-0.054627	174177000000.000000	1557.228634	0.192945
0.150000	-0.003308	-51217200000.000000	131.965850	0.128589
0.160000	-0.058924	-189748800000.000000	1258.210980	0.275248
0.170000	-0.184249	-344158200000.000000	3477.547367	0.276586
0.180000	-0.000468	-5106600000.000000	1.979621	0.239912
0.190000	-0.028981	-126655200000.000015	449.212992	0.535848
0.200000	-0.007282	-86742000000.000000	205.782863	0.146709
0.210000	-0.024792	129463200000.000015	391.634947	0.419349
0.220000	-0.004381	54408600000.000000	65.724879	0.155424
0.230000	-0.103156	-252093600000.000031	1132.339055	0.117474
0.240000	-0.112954	-253468800000.000031	1011.267452	0.125225
0.250000	-0.000226	13271400000.000000	3.312032	0.100407
0.260000	-0.025384	-116812800000.000015	215.503423	0.133422
0.270000	0.000006	-2433600000.000000	0.300152	0.077631
0.280000	-0.000814	9943200000.000000	2.988715	0.626626
0.290000	-0.237184	391320000000.000000	1341.808361	0.400215
0.300000	-0.036588	-144608400000.000000	241.771308	0.052352
0.310000	-0.018126	97223400000.000000	101.116788	0.150291
0.320000	-0.674597	-661453200000.000000	1227.554755	0.570574
0.330000	-0.117006	277704000000.000000	653.106907	0.074069
0.340000	-0.005061	-53933400000.000000	26.941532	0.116701
0.350000	-0.031928	139908600000.000000	156.144950	0.402089
0.360000	-0.021749	-104635800000.000000	87.869569	0.534220
0.370000	-0.005059	51035400000.000000	21.257732	0.400557
0.380000	-0.094763	-242920800000.000031	386.985570	0.918270
0.390000	-0.037072	-169698600000.000000	205.980669	0.107240
0.400000	-0.064397	206332200000.000000	256.819452	0.181504
0.410000	-0.051626	195179400000.000000	225.239081	0.124786
0.420000	-0.001886	-23149800000.000000	3.242776	0.089436
0.430000	-0.029063	130393800000.000015	94.142578	0.076553
0.440000	-0.042382	-184876200000.000000	189.212645	1.541498
0.450000	-0.078360	242494200000.000031	298.162126	0.118183
0.460000	-0.007603	57774600000.000008	17.026215	0.216537
0.470000	-0.002181	51451200000.000000	13.635419	0.072973
0.480000	-0.009168	103096800000.000000	46.772714	0.051813
0.490000	-0.035874	-147306600000.000000	89.886717	0.342553
0.500000	-0.004691	-51084000000.000000	11.548252	0.114556
0.510000	-0.005306	-60892200000.000008	15.735941	0.075048
0.520000	-0.149971	-314708400000.000000	326.092897	0.278613
0.530000	-0.055427	-198066600000.000000	139.602890	0.071645
0.540000	-0.043920	193726800000.000000	137.355126	0.260923
0.550000	-0.080222	227932200000.000000	167.642446	0.317506
0.560000	-0.154798	312730200000.000000	276.719901	0.160102
0.570000	-0.010531	-79583400000.000000	19.864606	0.050258
0.580000	-0.011492	86610600000.000000	23.716176	0.043060
0.590000	-0.029837	-151570800000.000000	69.101801	0.045360
0.600000	-0.030547	143726400000.000000	63.788062	0.319799
0.610000	-0.113637	293142600000.000000	223.900649	0.058000
0.620000	-0.003968	-47763000000.000000	6.220601	0.033382
0.630000	-0.029151	-125290800000.000015	40.198254	0.199173
0.640000	-0.024144	-109922400000.000000	28.060045	0.043287
0.650000	-0.000387	34489800000.000000	3.083100	0.108424
0.660000	-0.092710	-251636400000.000031	140.282365	0.097611
0.670000	-0.080989	233073000000.000031	119.999757	0.071043
0.680000	-0.002507	30285000000.000004	2.145810	0.091872
0.690000	-0.086227	240062400000.000031	122.430417	0.049021
0.700000	-0.101472	-268810200000.000031	140.820692	0.048458
0.710000	-0.152252	314308800000.000000	179.145532	0.073656
0.720000	-0.035002	-159849000000.000000	50.526732	0.014315
0.730000	-0.017692	126991800000.000015	31.076114	0.064849
0.740000	-0.153012	326181600000.000000	164.154195	0.113328
0.750000	-0.010722	81604800000.000000	12.401540	0.168196
0.760000	-0.013230	85566600000.000000	13.254079	0.027852
0.770000	-0.294516	-438908400000.000000	228.641532	0.159906
0.780000	-0.001459	29788200000.000004	1.795359	0.083006
0.790000	-0.183767	-344530800000.000000	155.663316	0.083765
0.800000	0.000194	-24382800000.000000	0.986324	0.040022
0.810000	-0.007490	-64202400000.000008	6.298576	0.067006
0.820000	-0.000910	24166800000.000000	0.920220	0.048296
0.830000	-0.006342	51244200000.000000	4.239607	0.133874
0.840000	-0.074966	-208056600000.000000	61.381896	0.036055
0.850000	-0.001146	-17730000000.000000	0.513827	0.038816
0.860000	-0.007079	54151200000.000000	4.118532	0.034909
0.870000	-0.070384	210697200000.000000	62.129065	0.023372
0.880000	-0.152047	-318461400000.000000	112.408197	0.087914
0.890000	-0.122873	-290464200000.000000	105.069560	0.022596
0.900000	-0.011370	-80301600000.000000	8.240256	0.086881
0.910000	-0.101126	-258082200000.000031	81.380382	0.019015
0.920000	-0.047756	-176911200000.000000	40.257621	0.027678
0.930000	-0.063042	200674800000.000000	47.775811	0.025328
0.940000	-0.019423	107915400000.000000	13.879364	0.119228
0.950000	-0.190471	365880600000.000000	129.149442	0.038006
0.960000	-0.034294	164820600000.000000	30.941152	0.070044
0.970000	-0.015034	105435000000.000000	13.313873	0.016836
0.980000	-0.051332	180277200000.000000	33.936156	0.030786
0.990000	-0.132630	296584200000.000000	78.019694	0.093430
1.000000	-0.026963	139210200000.000000	20.153013	0.043903
1.010000	-0.035413	145945800000.000000	22.199394	0.011320
1.020000	-0.057767	208670400000.000000	43.826913	0.229319
1.030000	-0.042106	-190143000000.000000	37.654773	0.021099
1.040000	-0.021783	-125472600000.000015	15.379550	0.016569
1.050000	-0.000104	5943600000.000000	0.136826	0.146230
1.060000	-0.313369	-453889800000.000000	127.788556	0.032030
1.070000	-0.010027	-68135400000.000008	4.190867	0.118926
1.080000	0.000026	167400000.000000	0.093146	0.137911
1.090000	-0.154481	-314172000000.000000	74.328646	0.027296
1.100000	-0.000336	52569000000.000000	2.593859	0.251115
1.110000	-0.045797	-198757800000.000000	34.351496	0.055991
1.120000	-0.067910	-202530600000.000000	32.458928	0.062451
1.130000	-0.172597	340322400000.000000	83.812027	0.059419
1.140000	-0.205373	383166000000.000000	90.395126	0.077213
1.150000	-0.041268	-167961600000.000000	22.266787	0.048884
1.160000	-0.043821	-144475200000.000000	15.266870	0.029994
1.170000	-0.140101	313644600000.000000	62.542301	0.056745
1.180000	-0.006126	56138400000.000000	2.351364	0.051061
1.190000	-0.033130	-148611600000.000000	15.790568	0.033719
1.200000	-0.005492	-67314600000.000008	3.281717	0.073835
1.210000	-0.000594	-14758200000.000002	0.174872	0.035619
1.220000	-0.128518	296445600000.000000	52.369042	0.073906
1.230000	-0.010799	-119734200000.000015	9.722076	0.056150
1.240000	-0.146321	-289348200000.000000	49.869485	0.026129
1.250000	-0.016256	-125256600000.000015	10.581095	0.020090
1.260000	-0.067594	-211192200000.000000	28.234228	0.134479
1.270000	-0.003198	-55580400000.000000	1.993385	0.072970
1.280000	-0.001101	21213000000.000000	0.302586	0.008128
1.290000	-0.002130	-50347800000.000000	1.648333	0.109410
1.300000	-0.085357	222341400000.000000	25.047555	0.147205
1.310000	-0.014599	91218600000.000000	5.191622	0.059884
1.320000	-0.091746	232428600000.000031	27.738543	0.021983
1.330000	-0.041129	-148977000000.000000	12.432432	0.127551
1.340000	-0.009477	94894200000.000000	5.103154	0.048902
1.350000	-0.135674	297986400000.000000	42.285131	0.054906
1.360000	-0.001048	20010600000.000000	0.242743	0.029089
1.370000	-0.023438	-125283600000.000015	8.637097	0.080044
1.380000	-0.016482	-100978200000.000000	5.119285	0.108584
1.390000	-0.010959	-103293000000.000000	5.742131	0.027270
1.400000	-0.176879	351196200000.000000	50.026831	0.213311
1.410000	-0.045954	-147933000000.000000	10.540335	0.023990
1.420000	-0.075910	238062600000.000031	26.727009	0.069023
1.430000	-0.041840	152076600000.000000	10.790961	0.059661
1.440000	-0.044370	-158531400000.000000	10.860162	0.140789
1.450000	-0.027944	131668200000.000015	7.829948	0.096873
1.460000	-0.066250	-190056600000.000000	15.277166	0.044434
1.470000	0.000146	1693800000.000000	0.011319	0.019391
1.480000	-0.062509	206064000000.000000	19.393696	0.296413
1.490000	-0.216446	-363031200000.000000	43.984863	0.055827
1.500000	-0.007751	56536200000.000000	1.425268	0.022127
1.510000	-0.004300	-53690400000.000000	1.410034	0.234321
1.520000	-0.071431	-230112000000.000031	22.700715	0.064773
1.530000	-0.051804	187264800000.000000	14.930411	0.025129
1.540000	-0.003183	-51100200000.000000	1.024620	0.025223
1.550000	-0.006691	-71816400000.000000	2.113904	0.059147
1.560000	-0.117229	286097400000.000000	30.611266	0.034062
1.570000	-0.013110	-92835000000.000000	3.514681	0.028644
1.580000	-0.008810	72115200000.000000	2.184909	0.098031
1.590000	-0.055934	-199053000000.000000	15.009749	0.056170
1.600000	-0.159564	-318074400000.000000	33.877154	0.095746
1.610000	-0.007867	73548000000.000000	1.946327	0.016338
1.620000	-0.005546	-40145400000.000000	0.637817	0.115641
1.630000	-0.085354	220680000000.000000	16.131788	0.028548
1.640000	-0.061352	-194418000000.000000	12.369003	0.083658
1.650000	-0.073968	-210958200000.000000	14.594100	0.031778
1.660000	-0.004119	-56282400000.000000	1.019300	0.073077
1.670000	-0.046417	-174034800000.000000	9.492515	0.022407
1.680000	-0.081607	-227941200000.000000	15.032834	0.126640
1.690000	-0.001694	21591000000.000000	0.163315	0.014114
1.700000	-0.089143	248391000000.000031	18.541363	0.019903
1.710000	-0.019224	-111421800000.000000	3.988451	0.044208
1.720000	-0.027120	-129547800000.000015	4.762996	0.100088
1.730000	-0.029049	135952200000.000015	5.725103	0.007130
1.740000	-0.016518	-93972600000.000000	2.659548	0.032746
1.750000	-0.009077	65898000000.000008	1.384554	0.136066
1.760000	-0.006326	48540600000.000000	0.745614	0.088727
1.770000	-0.002508	-52592400000.000000	0.903813	0.101289
1.780000	-0.092119	236718000000.000031	14.706940	0.038417
1.790000	-0.009224	96849000000.000000	2.805809	0.077708
1.800000	-0.022822	119635200000.000015	4.401381	0.143710
1.810000	-0.090040	242112600000.000031	14.363387	0.061603
1.820000	-0.010531	90678600000.000000	2.446240	0.077345
1.830000	-0.080159	-227381400000.000000	12.848776	0.182943
1.840000	-0.002026	17541000000.000000	0.090735	0.023778
1.850000	-0.000272	-11421000000.000000	0.051046	0.041100
1.860000	-0.039652	164754000000.000000	7.051180	0.014110
1.870000	-0.135977	281008800000.000000	17.414103	0.093501
1.880000	-0.120613	-286806600000.000000	18.420777	0.017951
1.890000	-0.036517	-157536000000.000000	6.136531	0.028396
1.900000	-0.071901	-220822200000.000000	10.839135	0.040982
1.910000	-0.000261	7291800000.000001	0.037959	0.077330
1.920000	-0.046089	-166177800000.000000	6.607044	0.024255
1.930000	-0.034568	157397400000.000000	5.597968	0.148824
1.940000	-0.001152	12897000000.000000	0.060050	0.047532
1.950000	-0.004988	-34878600000.000000	0.381503	0.296130
1.960000	-0.019844	-119851200000.000015	3.289394	0.117272
1.970000	-0.161676	-326818800000.000000	19.203370	0.015449
1.980000	-0.037029	163789200000.000000	5.833164	0.027466
1.990000	-0.018548	-103800600000.000000	1.982799	0.025488
2.000000	-0.000107	18532800000.000000	0.096763	0.060143
2.010000	-0.009842	-68313600000.000008	1.048419	0.058370
2.020000	-0.000269	-7689600000.000001	0.061516	0.155842
2.030000	-0.082491	-215953200000.000000	8.421221	0.165538
2.040000	-0.131117	297716400000.000000	15.565229	0.036792
2.050000	-0.014238	-114361200000.000000	2.553398	0.174441
2.060000	-0.110511	-260553600000.000031	11.883532	0.050064
2.070000	-0.032412	137856600000.000000	3.895711	0.281500
2.080000	-0.000244	-2574000000.000000	0.004665	0.012631
2.090000	-0.004603	48976200000.000000	0.465857	0.027495
2.100000	-0.060711	-199816200000.000000	7.618660	0.132904
2.110000	-0.005591	-49698000000.000000	0.597400	0.196250
2.120000	-0.005100	-54801000000.000000	0.578904	0.074866
2.130000	0.000043	1276200000.000000	0.005423	0.018137
2.140000	-0.000096	-18405000000.000000	0.068415	0.037068
2.150000	-0.057336	-178311600000.000000	5.204705	0.273853
2.160000	-0.056803	200410200000.000000	7.341859	0.129980
2.170000	-0.002431	35708400000.000000	0.230772	0.020260
2.180000	-0.011501	-92244600000.000000	1.681626	0.073297
2.190000	-0.079266	-227901600000.000000	7.526916	0.052334
2.200000	-0.000293	23428800000.000000	0.097746	0.051939
2.210000	-0.084042	-238005000000.000031	9.286310	0.044582
2.220000	-0.000538	17546400000.000000	0.060623	0.055585
2.230000	-0.000156	1922400000.000000	0.035481	0.139319
2.240000	-0.001004	-34500600000.000000	0.225913	0.075177
2.250000	-0.027341	-115763400000.000015	2.096950	0.094785
2.260000	-0.003686	-30634200000.000004	0.218840	0.367097
2.270000	-0.006141	67528800000.000008	0.637100	0.185699
2.280000	-0.011896	114319800000.000000	1.969587	0.072865
2.290000	-0.051583	175212000000.000000	4.596193	0.196298
2.300000	-0.003711	-52237800000.000000	0.396930	0.091186
2.310000	-0.001541	-17947800000.000000	0.101041	0.257389
2.320000	-0.004742	-83932200000.000000	0.964980	0.071114
2.330000	-0.009806	-76518000000.000000	0.841634	0.170541
2.340000	-0.036402	160957800000.000000	3.264000	0.173941
2.350000	-0.000841	25196400000.000000	0.104177	0.056405
2.360000	-0.028922	147553200000.000000	2.863600	0.096816
2.370000	-0.001922	-34210800000.000004	0.160153	0.032146
2.380000	-0.000846	12882600000.000000	0.029165	0.026010
2.390000	-0.044100	171678600000.000000	3.827331	0.034557
2.400000	-0.008751	-87255000000.000000	0.907365	0.030140
2.410000	-0.040853	175120200000.000000	3.652754	0.037524
2.420000	-0.001320	31098600000.000004	0.138459	0.098270
2.430000	-0.006809	-58521600000.000008	0.429259	0.105357
2.440000	-0.006009	70477200000.000000	0.614826	0.201148
2.450000	-0.010910	-86909400000.000000	0.940974	0.063051
2.460000	-0.034077	-136641600000.000015	2.172969	0.135769
2.470000	-0.013568	109368000000.000000	1.331232	0.083571
2.480000	-0.000102	15273000000.000002	0.083469	0.263595
2.490000	-0.077632	226933200000.000000	5.529098	0.128433
2.500000	-0.033627	-138072600000.000000	1.976718	0.189954
2.510000	-0.000826	-5218200000.000000	0.010865	0.036842
2.520000	-0.007240	-63865800000.000008	0.472101	0.055125
2.530000	0.001008	25803000000.000000	0.085399	0.056950
2.540000	-0.029152	153970200000.000000	2.564999	0.179192
2.550000	-0.036917	-159076800000.000000	2.658124	0.166516
2.560000	-0.009591	-79363800000.000000	0.689988	0.361883
2.570000	-0.014441	92871000000.000000	0.904446	0.011533
2.580000	-0.016592	107098200000.000000	0.991776	0.142804
2.590000	-0.002960	37576800000.000000	0.143755	0.038766
2.600000	-0.077628	228011400000.000000	4.667325	0.011894
2.610000	-0.012890	82821600000.000000	0.701638	0.021473
2.620000	-0.020078	-120740400000.000015	1.309964	0.025981
2.630000	-0.006522	64852200000.000008	0.446982	0.082822
2.640000	-0.020263	123264000000.000015	1.472401	0.076686
2.650000	-0.001971	40950000000.000000	0.155371	0.028179
2.660000	-0.000554	-15868800000.000002	0.038916	0.135816
2.670000	-0.008081	-78296400000.000000	0.565750	0.065908
2.680000	-0.005507	64076400000.000008	0.367842	0.052213
2.690000	-0.000424	13626000000.000000	0.032018	0.080392
2.700000	-0.018099	93897000000.000000	0.761914	0.161254
2.710000	-0.132541	-289134000000.000000	5.697957	0.269755
2.720000	-0.007932	67489200000.000008	0.421660	0.110667
2.730000	-0.012904	77731200000.000000	0.529080	0.050716
2.740000	-0.004900	58982400000.000008	0.346658	0.092841
2.750000	-0.000426	5628600000.000000	0.008516	0.037920
2.760000	-0.015151	100848600000.000000	0.720695	0.042168
2.770000	-0.057484	-199706400000.000000	3.173094	0.115346
2.780000	-0.002024	23961600000.000000	0.082432	0.220852
2.790000	-0.013131	99243000000.000000	0.755185	0.074467
2.800000	-0.010299	-74064600000.000000	0.409454	0.156364
2.810000	-0.007210	-88772400000.000000	0.610463	0.158404
2.820000	-0.042794	169817400000.000000	2.046853	0.153260
2.830000	-0.019311	110565000000.000000	0.896261	0.113634
2.840000	-0.013786	86328000000.000000	0.575730	0.050404
2.850000	-0.001657	2899800000.000000	0.069333	0.417578
2.860000	-0.003861	45871200000.000000	0.168290	0.059437
2.870000	-0.008040	67300200000.000008	0.329818	0.077212
2.880000	-0.000129	-17128800000.000002	0.026901	0.031623
2.890000	-0.000858	12587400000.000000	0.036133	0.162687
2.900000	0.000033	-225000000.000000	0.005108	0.034963
2.910000	-0.001083	32077800000.000004	0.093206	0.063409
2.920000	-0.000606	-10762200000.000000	0.012356	0.035185
2.930000	-0.008397	-58869000000.000008	0.298291	0.443210
2.940000	-0.038034	-153685800000.000000	1.570108	0.040378
2.950000	-0.000736	-646200000.000000	0.005827	0.040145
2.960000	-0.002778	46026000000.000000	0.166675	0.078704
2.970000	-0.006918	-59796000000.000008	0.240931	0.054231
2.980000	-0.016360	-100837800000.000000	0.661463	0.073480
2.990000	-0.003730	51814800000.000000	0.188909	0.028992
3.000000	-0.000970	-17650800000.000000	0.035759	0.124546
3.010000	-0.009814	66864600000.000008	0.319653	0.087414
3.020000	-0.017737	-112140000000.000000	0.928501	0.053124
3.030000	-0.003301	53337600000.000000	0.191997	0.085516
3.040000	-0.021520	117284400000.000015	0.786393	0.033925
3.050000	-0.000742	6051600000.000000	0.015285	0.116286
3.060000	-0.000648	-26254800000.000000	0.056349	0.019722
3.070000	-0.006299	69296400000.000000	0.323024	0.155440
3.080000	-0.000396	-8467200000.000001	0.011533	0.053926
3.090000	-0.001264	-31323600000.000004	0.067628	0.053340
3.100000	-0.016980	-97133400000.000000	0.552278	0.048547
3.110000	-0.000548	5239800000.000000	0.011075	0.065791
3.120000	-0.004127	49275000000.000000	0.138399	0.086647
3.130000	-0.006938	-61601400000.000008	0.236698	0.038519
3.140000	-0.011730	85084200000.000000	0.435349	0.070585
3.150000	-0.102339	-261014400000.000031	3.623402	0.427742
3.160000	-0.028119	123238800000.000015	0.781968	0.060150
3.170000	-0.020171	-117493200000.000015	0.761623	0.057827
3.180000	-0.002157	38309400000.000000	0.091343	0.057357
3.190000	-0.006480	-57823200000.000008	0.202831	0.078680
3.200000	-0.001750	-1076400000.000000	0.045912	0.352284
3.210000	-0.000620	8326800000.000001	0.030096	0.228104
3.220000	-0.001538	-26517600000.000000	0.052483	0.123959
3.230000	-0.002468	23527800000.000000	0.071264	0.332208
3.240000	-0.013893	96751800000.000000	0.504866	0.085793
3.250000	-0.016192	106975800000.000000	0.643843	0.116430
3.260000	-0.000797	8238600000.000001	0.031172	0.178217
3.270000	-0.004049	59641200000.000008	0.176810	0.136084
3.280000	-0.000076	-30623400000.000004	0.092692	0.291562
3.290000	-0.013952	-99050400000.000000	0.467934	0.046602
3.300000	-0.011549	91787400000.000000	0.387144	0.040588
3.310000	-0.008548	82186200000.000000	0.367360	0.114208
3.320000	-0.007727	-75627000000.000000	0.256223	0.036309
3.330000	-0.012467	105867000000.000000	0.507485	0.040113
3.340000	-0.000122	31966200000.000004	0.055734	0.043075
3.350000	-0.017683	-120493800000.000015	0.640335	0.089676
3.360000	0.000140	-16731000000.000002	0.021852	0.085474
3.370000	-0.019114	-107335800000.000000	0.583192	0.284836
3.380000	-0.016258	-108793800000.000000	0.529183	0.023696
3.390000	-0.003747	59524200000.000008	0.162424	0.040588
3.400000	-0.001989	-33339600000.000004	0.057328	0.036619
3.410000	-0.002180	-34788600000.000000	0.057269	0.066732
3.420000	-0.000274	7642800000.000001	0.014129	0.117647
3.430000	-0.003504	37400400000.000000	0.069557	0.087887
3.440000	-0.006302	-72019800000.000000	0.225131	0.036965
3.450000	-0.009373	-84033000000.000000	0.302812	0.040327
3.460000	-0.006246	63804600000.000008	0.187307	0.134470
3.470000	-0.000858	19191600000.000000	0.022077	0.053581
3.480000	-0.011851	-81225000000.000000	0.278377	0.094083
3.490000	0.000198	-14677200000.000002	0.029946	0.184433
3.500000	-0.027654	127708200000.000015	0.738255	0.056425
3.510000	-0.005788	-49417200000.000000	0.104953	0.037733
3.520000	-0.019816	-112246200000.000000	0.507182	0.039536
3.530000	-0.004237	-44515800000.000000	0.091947	0.146919
3.540000	-0.006012	44065800000.000000	0.076444	0.045343
3.550000	-0.011644	76503600000.000000	0.228125	0.102435
3.560000	-0.000780	-7943400000.000001	0.007212	0.043853
3.570000	-0.007230	-63059400000.000008	0.174003	0.035770
3.580000	-0.002073	-21295800000.000000	0.020851	0.049758
3.590000	-0.009130	54468000000.000000	0.141806	0.152647
3.600000	-0.021384	-103084200000.000000	0.415037	0.132109
3.610000	-0.000907	-828000000.000000	0.032720	0.386901
3.620000	-0.001063	29035800000.000004	0.035318	0.025392
3.630000	-0.028111	-129288600000.000015	0.573696	0.020965
3.640000	-0.001057	-18277200000.000000	0.019737	0.087097
3.650000	-0.000411	14461200000.000002	0.018495	0.096943
3.660000	-0.000564	9657000000.000000	0.009397	0.053372
3.670000	-0.013223	88146000000.000000	0.294698	0.163559
3.680000	0.000242	-558000000.000000	0.007135	0.072848
3.690000	-0.010201	-80622000000.000000	0.234476	0.189858
3.700000	-0.000564	-11041200000.000000	0.029268	0.300603
3.710000	-0.010207	97119000000.000000	0.330005	0.018191
3.720000	-0.000443	11494800000.000000	0.011887	0.070556
3.730000	-0.000572	12587400000.000000	0.010031	0.046659
3.740000	-0.004150	-41205600000.000000	0.079433	0.154410
3.750000	-0.005496	61671600000.000008	0.129455	0.059292
3.760000	-0.010491	-83869200000.000000	0.234269	0.039198
3.770000	-0.032340	134528400000.000015	0.595429	0.029333
3.780000	-0.001177	22924800000.000000	0.025299	0.065943
3.790000	-0.003447	-37852200000.000000	0.062641	0.167243
3.800000	-0.005838	45475200000.000000	0.089463	0.155509
3.810000	-0.000230	15465600000.000002	0.009250	0.020220
3.820000	-0.002386	-18957600000.000000	0.041682	0.312964
3.830000	-0.001266	-18588600000.000000	0.020684	0.091389
3.840000	0.000209	2842200000.000000	0.004703	0.055227
3.850000	-0.004854	47883600000.000000	0.082269	0.069439
3.860000	-0.000963	21060000000.000000	0.023473	0.092587
3.870000	-0.003118	-44449200000.000000	0.068454	0.037065
3.880000	-0.003240	-40057200000.000000	0.054907	0.046799
3.890000	-0.004413	-57528000000.000008	0.124848	0.080094
3.900000	-0.017096	105847200000.000000	0.351819	0.054716
3.910000	-0.004836	30907800000.000004	0.052292	0.278843
3.920000	-0.024290	-120681000000.000015	0.456042	0.257677
3.930000	-0.003710	34291800000.000004	0.052513	0.265299
3.940000	-0.000713	-22435200000.000000	0.018643	0.039509
3.950000	-0.000614	-4770000000.000000	0.005216	0.055466
3.960000	-0.000141	11547000000.000000	0.005219	0.015406
3.970000	-0.007157	55819800000.000000	0.128187	0.280619
3.980000	-0.000220	-6350400000.000000	0.015164	0.157600
3.990000	-0.008490	60805800000.000008	0.143215	0.297779
4.000000	-0.001019	12283200000.000000	0.016063	0.152128
